kernel rows: 8032
face SDP: A (769934, 749557) nnz=11270748, zero=8210, l=12324
------------------------------------------------------------------
	       SCS v3.2.11 - Splitting Conic Solver
	(c) Brendan O'Donoghue, Stanford University, 2012
------------------------------------------------------------------
problem:  variables n: 749557, constraints m: 769934
cones: 	  z: primal zero / dual free vars: 8210
	  l: linear vars: 12324
	  s: psd vars: 749400, ssize: 184
settings: eps_abs: 1.0e-11, eps_rel: 1.0e-11, eps_infeas: 1.0e-07
	  alpha: 1.50, scale: 1.00e-01, adaptive_scale: 1
	  max_iters: 6000, normalize: 1, rho_x: 1.00e-06
	  acceleration_lookback: 10, acceleration_interval: 10
lin-sys:  sparse-direct-amd-qdldl
	  nnz(A): 11270748, nnz(P): 0
warm source: /Users/hyang/Dropbox/Home/Repository/Research/Hongseok/work/neural-combinatorics/discussions/taeyoung-conjecture/flag_sdp/n8_mult/rounding/data/result_face.pkl
warm-started primal from live iterate
------------------------------------------------------------------
 iter | pri res | dua res |   gap   |   obj   |  scale  | time (s)
------------------------------------------------------------------
     0| 4.66e-01  8.09e+00  2.51e-01  5.93e-02  1.00e-01  1.50e+02 
   250| 2.15e-03  2.56e-04  1.67e-04 -2.39e-04  1.00e-01  2.18e+02 
   500| 8.43e-04  5.91e-05  5.25e-05 -8.34e-05  1.00e-01  2.83e+02 
   750| 4.06e-04  1.15e-04  4.96e-05 -5.07e-05  1.00e-01  3.47e+02 
  1000| 2.82e-04  2.75e-05  3.17e-05 -2.93e-05  1.00e-01  4.11e+02 
  1250| 1.93e-04  4.53e-05  2.23e-05 -1.72e-05  1.00e-01  4.74e+02 
  1500| 6.34e-05  8.29e-05  6.52e-06 -4.76e-06  1.00e-01  5.38e+02 
  1750| 1.62e-05  3.50e-06  2.18e-07 -2.95e-09  1.00e-01  6.01e+02 
  2000| 8.86e-06  3.14e-06  4.59e-07  1.04e-07  1.00e-01  6.64e+02 
  2250| 6.40e-06  1.69e-06  1.76e-07 -5.59e-08  1.00e-01  7.27e+02 
  2500| 5.26e-06  1.65e-06  2.39e-07 -1.85e-08  1.00e-01  7.90e+02 
  2750| 6.39e-03  6.58e-04  1.10e-05  1.83e-06  1.00e-01  8.53e+02 
  3000| 3.50e-06  7.40e-07  1.20e-07 -6.37e-08  1.00e-01  9.15e+02 
  3250| 2.98e-06  1.06e-06  1.11e-07 -4.74e-08  1.00e-01  9.78e+02 
  3500| 2.61e-06  9.69e-07  1.27e-07 -2.66e-08  1.00e-01  1.04e+03 
  3750| 2.18e-06  8.29e-07  7.90e-08 -4.65e-08  1.00e-01  1.10e+03 
  4000| 1.91e-06  7.71e-07  6.98e-08 -3.37e-08  1.00e-01  1.17e+03 
  4250| 1.82e-06  8.30e-07  1.39e-07  2.25e-08  1.00e-01  1.23e+03 
  4500| 1.44e-06  5.90e-07  3.19e-08 -3.91e-08  1.00e-01  1.29e+03 
  4750| 1.32e-06  5.36e-07  4.89e-08 -2.13e-08  1.00e-01  1.35e+03 
  5000| 1.19e-06  4.62e-07  5.05e-08 -1.47e-08  1.00e-01  1.42e+03 
  5250| 1.05e-06  4.01e-07  3.39e-08 -1.93e-08  1.00e-01  1.48e+03 
  5500| 1.53e-03  3.87e-04  9.42e-07 -1.32e-06  1.00e-01  1.54e+03 
  5750| 8.77e-07  2.92e-07  3.21e-08 -1.12e-08  1.00e-01  1.60e+03 
  6000| 8.00e-07  2.47e-07  2.69e-08 -1.01e-08  1.00e-01  1.66e+03 
------------------------------------------------------------------
status:  solved (inaccurate - reached max_iters)
timings: total: 1.66e+03s = setup: 1.50e+02s + solve: 1.52e+03s
	 lin-sys: 7.10e+02s, cones: 7.90e+02s, accel: 2.32e+00s
------------------------------------------------------------------
objective = -0.000000 (inaccurate)
------------------------------------------------------------------
### face chunk 0: t=-3.371726e-09 pobj=3.372e-09 status=solved (inaccurate - reached max_iters) | clip-metrics: eq=1.661e-10 minrest=-6.404e-07 ker=1.095e-10 (1515s)
------------------------------------------------------------------
 iter | pri res | dua res |   gap   |   obj   |  scale  | time (s)
------------------------------------------------------------------
     0| 8.01e-07  2.93e-07  3.35e-08 -1.16e-08  1.00e-01  1.50e+02 
   250| 7.34e-07  2.07e-07  2.60e-08 -7.54e-09  1.00e-01  2.12e+02 
   500| 1.60e-03  5.86e-04  7.78e-06  3.93e-06  1.00e-01  2.76e+02 
   750| 6.24e-07  1.59e-07  2.27e-08 -4.01e-09  1.00e-01  3.40e+02 
  1000| 5.74e-07  1.52e-07  2.02e-08 -4.57e-09  1.00e-01  4.04e+02 
  1250| 5.30e-07  1.45e-07  1.79e-08 -5.19e-09  1.00e-01  4.68e+02 
  1500| 4.93e-07  1.39e-07  1.70e-08 -4.86e-09  1.00e-01  5.32e+02 
  1750| 4.57e-07  1.33e-07  1.55e-08 -5.33e-09  1.00e-01  5.96e+02 
  2000| 4.25e-07  1.28e-07  1.43e-08 -5.15e-09  1.00e-01  6.60e+02 
  2250| 3.96e-07  1.22e-07  1.35e-08 -4.99e-09  1.00e-01  7.24e+02 
  2500| 3.69e-07  1.17e-07  1.23e-08 -5.08e-09  1.00e-01  7.88e+02 
  2750| 3.46e-07  1.13e-07  1.18e-08 -4.74e-09  1.00e-01  8.51e+02 
  3000| 3.15e-07  1.08e-07  1.12e-08 -7.20e-09  1.00e-01  9.15e+02 
  3250| 8.74e-04  9.00e-05  7.98e-07  2.21e-07  1.00e-01  9.79e+02 
  3500| 2.83e-07  1.00e-07  1.01e-08 -5.85e-09  1.00e-01  1.04e+03 
  3750| 2.66e-07  9.62e-08  1.04e-08 -5.74e-09  1.00e-01  1.11e+03 
  4000| 2.50e-07  9.28e-08  9.93e-09 -5.38e-09  1.00e-01  1.17e+03 
  4250| 2.35e-07  9.18e-08  9.26e-09 -5.16e-09  1.00e-01  1.23e+03 
  4500| 2.21e-07  9.19e-08  8.86e-09 -4.99e-09  1.00e-01  1.30e+03 
  4750| 2.09e-07  9.18e-08  8.70e-09 -4.65e-09  1.00e-01  1.36e+03 
  5000| 1.98e-07  1.08e-07  7.93e-09 -4.62e-09  1.00e-01  1.42e+03 
  5250| 1.86e-07  1.30e-07  7.78e-09 -4.36e-09  1.00e-01  1.49e+03 
  5500| 1.75e-07  2.57e-07  7.79e-09 -5.44e-09  1.00e-01  1.55e+03 
  5750| 1.63e-07  2.46e-07  7.53e-09 -4.91e-09  1.00e-01  1.62e+03 
  6000| 1.57e-07  2.26e-07  7.79e-09 -4.27e-09  1.00e-01  1.68e+03 
------------------------------------------------------------------
status:  solved (inaccurate - reached max_iters)
timings: total: 1.68e+03s = setup: 1.50e+02s + solve: 1.53e+03s
	 lin-sys: 7.23e+02s, cones: 7.91e+02s, accel: 2.31e+00s
------------------------------------------------------------------
objective = -0.000000 (inaccurate)
------------------------------------------------------------------
### face chunk 1: t=3.796952e-10 pobj=-3.797e-10 status=solved (inaccurate - reached max_iters) | clip-metrics: eq=3.278e-11 minrest=-1.255e-07 ker=5.944e-11 (3045s)
kernel rows: 8032
face SDP: A (769934, 749557) nnz=11270748, zero=8210, l=12324
kernel rows: 8032
face SDP: A (769934, 749557) nnz=11270748, zero=8210, l=12324
------------------------------------------------------------------
	       SCS v3.2.11 - Splitting Conic Solver
	(c) Brendan O'Donoghue, Stanford University, 2012
------------------------------------------------------------------
problem:  variables n: 749557, constraints m: 769934
cones: 	  z: primal zero / dual free vars: 8210
	  l: linear vars: 12324
	  s: psd vars: 749400, ssize: 184
settings: eps_abs: 1.0e-11, eps_rel: 1.0e-11, eps_infeas: 1.0e-07
	  alpha: 1.50, scale: 1.00e-01, adaptive_scale: 1
	  max_iters: 6000, normalize: 1, rho_x: 1.00e-06
	  acceleration_lookback: 10, acceleration_interval: 10
lin-sys:  sparse-direct-amd-qdldl
	  nnz(A): 11270748, nnz(P): 0
resuming face SDP from chunk 2
------------------------------------------------------------------
 iter | pri res | dua res |   gap   |   obj   |  scale  | time (s)
------------------------------------------------------------------
     0| 1.57e-07  2.40e-07  9.76e-09 -4.78e-09  1.00e-01  1.50e+02 
   250| 1.47e-07  2.21e-07  6.65e-09 -4.33e-09  1.00e-01  2.12e+02 
   500| 1.40e-07  2.10e-07  6.63e-09 -4.05e-09  1.00e-01  2.74e+02 
   750| 1.32e-07  2.02e-07  6.13e-09 -3.97e-09  1.00e-01  3.36e+02 
  1000| 1.25e-07  1.94e-07  5.92e-09 -3.73e-09  1.00e-01  3.98e+02 
  1250| 1.19e-07  1.86e-07  5.65e-09 -3.56e-09  1.00e-01  4.61e+02 
  1500| 1.13e-07  1.79e-07  5.48e-09 -3.34e-09  1.00e-01  5.23e+02 
  1750| 1.07e-07  1.71e-07  5.16e-09 -3.22e-09  1.00e-01  5.85e+02 
  2000| 1.02e-07  1.64e-07  5.01e-09 -3.01e-09  1.00e-01  6.47e+02 
  2250| 9.70e-08  1.59e-07  4.78e-09 -2.91e-09  1.00e-01  7.09e+02 
  2500| 9.24e-08  1.52e-07  4.63e-09 -2.76e-09  1.00e-01  7.71e+02 
  2750| 1.64e-04  3.38e-05  1.19e-07 -4.13e-07  1.00e-01  8.33e+02 
  3000| 8.37e-08  1.40e-07  4.27e-09 -2.48e-09  1.00e-01  8.95e+02 
  3250| 7.98e-08  1.34e-07  4.13e-09 -2.33e-09  1.00e-01  9.57e+02 
  3500| 7.61e-08  1.29e-07  3.97e-09 -2.21e-09  1.00e-01  1.02e+03 
  3750| 7.25e-08  1.24e-07  3.81e-09 -2.09e-09  1.00e-01  1.08e+03 
  4000| 6.92e-08  1.20e-07  3.71e-09 -2.00e-09  1.00e-01  1.14e+03 
  4250| 6.60e-08  1.15e-07  3.59e-09 -1.89e-09  1.00e-01  1.20e+03 
  4500| 6.31e-08  1.10e-07  3.46e-09 -1.77e-09  1.00e-01  1.27e+03 
  4750| 6.03e-08  1.10e-07  3.40e-09 -1.73e-09  1.00e-01  1.33e+03 
  5000| 5.75e-08  1.07e-07  3.26e-09 -1.64e-09  1.00e-01  1.39e+03 
  5250| 5.50e-08  1.03e-07  3.14e-09 -1.54e-09  1.00e-01  1.45e+03 
  5500| 3.12e-05  9.66e-06  6.09e-08 -1.25e-07  1.00e-01  1.51e+03 
  5750| 5.04e-08  9.56e-08  2.94e-09 -1.36e-09  1.00e-01  1.58e+03 
  6000| 4.82e-08  9.27e-08  2.85e-09 -1.27e-09  1.00e-01  1.64e+03 
------------------------------------------------------------------
status:  solved (inaccurate - reached max_iters)
timings: total: 1.64e+03s = setup: 1.49e+02s + solve: 1.49e+03s
	 lin-sys: 7.09e+02s, cones: 7.64e+02s, accel: 2.28e+00s
------------------------------------------------------------------
objective = -0.000000 (inaccurate)
------------------------------------------------------------------
### face chunk 2: t=-1.531487e-10 pobj=1.531e-10 status=solved (inaccurate - reached max_iters) | clip-metrics: eq=1.413e-11 minrest=-3.963e-08 ker=1.243e-10 (1489s)
------------------------------------------------------------------
 iter | pri res | dua res |   gap   |   obj   |  scale  | time (s)
------------------------------------------------------------------
     0| 4.84e-08  9.79e-08  3.60e-09 -1.46e-09  1.00e-01  1.50e+02 
   250| 4.62e-08  8.98e-08  2.76e-09 -1.20e-09  1.00e-01  2.11e+02 
   500| 6.91e-05  3.25e-05  1.58e-07  4.23e-08  1.00e-01  2.73e+02 
   750| 4.24e-08  8.43e-08  2.60e-09 -1.06e-09  1.00e-01  3.35e+02 
  1000| 4.21e-08  8.73e-08  3.84e-09 -4.75e-11  1.00e-01  3.96e+02 
  1250| 7.72e-08  9.36e-08  1.09e-08  4.51e-09  1.00e-01  4.58e+02 
  1500| 4.08e-08  8.49e-08  6.37e-09  1.45e-09  1.00e-01  5.19e+02 
  1750| 3.73e-08  8.35e-08  4.59e-09  4.01e-10  1.00e-01  5.81e+02 
  2000| 3.66e-08  8.19e-08  4.35e-09  4.02e-10  1.00e-01  6.42e+02 
  2250| 3.48e-08  7.98e-08  4.01e-09  2.11e-10  1.00e-01  7.04e+02 
  2500| 3.32e-08  7.76e-08  3.70e-09  1.22e-10  1.00e-01  7.65e+02 
  2750| 3.15e-08  7.47e-08  3.30e-09 -8.77e-11  1.00e-01  8.27e+02 
  3000| 3.00e-08  7.17e-08  2.95e-09 -2.31e-10  1.00e-01  8.88e+02 
  3250| 9.27e-05  2.22e-05  7.34e-08 -1.16e-07  1.00e-01  9.49e+02 
  3500| 2.76e-08  6.70e-08  2.67e-09 -3.05e-10  1.00e-01  1.01e+03 
  3750| 2.66e-08  6.53e-08  2.64e-09 -2.57e-10  1.00e-01  1.07e+03 
  4000| 2.57e-08  6.38e-08  2.66e-09 -1.87e-10  1.00e-01  1.13e+03 
  4250| 2.51e-08  6.24e-08  2.57e-09 -1.77e-10  1.00e-01  1.20e+03 
  4500| 2.46e-08  6.10e-08  2.53e-09 -1.48e-10  1.00e-01  1.26e+03 
  4750| 2.43e-08  5.92e-08  2.41e-09 -1.79e-10  1.00e-01  1.32e+03 
  5000| 2.40e-08  5.74e-08  2.26e-09 -2.32e-10  1.00e-01  1.38e+03 
  5250| 2.36e-08  5.55e-08  2.15e-09 -2.62e-10  1.00e-01  1.44e+03 
  5500| 2.32e-08  5.36e-08  2.02e-09 -3.09e-10  1.00e-01  1.50e+03 
  5750| 2.28e-08  5.19e-08  1.94e-09 -3.19e-10  1.00e-01  1.56e+03 
  6000| 2.24e-08  5.03e-08  1.90e-09 -3.08e-10  1.00e-01  1.62e+03 
------------------------------------------------------------------
status:  solved (inaccurate - reached max_iters)
timings: total: 1.62e+03s = setup: 1.49e+02s + solve: 1.48e+03s
	 lin-sys: 7.09e+02s, cones: 7.51e+02s, accel: 2.26e+00s
------------------------------------------------------------------
objective = -0.000000 (inaccurate)
------------------------------------------------------------------
### face chunk 3: t=-6.446357e-10 pobj=6.446e-10 status=solved (inaccurate - reached max_iters) | clip-metrics: eq=6.740e-12 minrest=-2.306e-08 ker=2.608e-11 (2965s)
------------------------------------------------------------------
 iter | pri res | dua res |   gap   |   obj   |  scale  | time (s)
------------------------------------------------------------------
     0| 2.22e-08  5.35e-08  2.37e-09 -4.23e-10  1.00e-01  1.50e+02 
   250| 2.19e-08  4.88e-08  1.87e-09 -2.94e-10  1.00e-01  2.11e+02 
   500| 2.15e-08  4.76e-08  1.87e-09 -2.58e-10  1.00e-01  2.72e+02 
   750| 2.11e-08  4.63e-08  1.86e-09 -2.30e-10  1.00e-01  3.33e+02 
  1000| 1.02e-04  2.37e-05  1.06e-07  6.12e-08  1.00e-01  3.94e+02 
  1250| 2.03e-08  4.40e-08  1.80e-09 -2.01e-10  1.00e-01  4.55e+02 
  1500| 2.00e-08  4.28e-08  1.74e-09 -2.06e-10  1.00e-01  5.16e+02 
  1750| 1.97e-08  4.16e-08  1.68e-09 -2.17e-10  1.00e-01  5.77e+02 
  2000| 1.94e-08  4.03e-08  1.62e-09 -2.31e-10  1.00e-01  6.39e+02 
  2250| 1.91e-08  3.91e-08  1.55e-09 -2.48e-10  1.00e-01  7.00e+02 
  2500| 1.88e-08  3.79e-08  1.50e-09 -2.58e-10  1.00e-01  7.61e+02 
  2750| 1.84e-08  3.67e-08  1.45e-09 -2.65e-10  1.00e-01  8.22e+02 
  3000| 1.81e-08  3.56e-08  1.41e-09 -2.66e-10  1.00e-01  8.83e+02 
  3250| 1.78e-08  3.46e-08  1.39e-09 -2.59e-10  1.00e-01  9.44e+02 
  3500| 1.75e-08  3.36e-08  1.37e-09 -2.51e-10  1.00e-01  1.00e+03 
  3750| 4.08e-05  5.42e-06  1.17e-07  4.19e-08  1.00e-01  1.07e+03 
  4000| 1.68e-08  3.18e-08  1.34e-09 -2.27e-10  1.00e-01  1.13e+03 
  4250| 1.65e-08  3.10e-08  1.32e-09 -2.18e-10  1.00e-01  1.19e+03 
  4500| 1.62e-08  3.02e-08  1.30e-09 -2.09e-10  1.00e-01  1.25e+03 
  4750| 1.59e-08  2.94e-08  1.28e-09 -2.04e-10  1.00e-01  1.31e+03 
  5000| 1.57e-08  2.86e-08  1.25e-09 -2.03e-10  1.00e-01  1.37e+03 
  5250| 1.54e-08  2.78e-08  1.22e-09 -2.02e-10  1.00e-01  1.43e+03 
  5500| 1.52e-08  2.70e-08  1.19e-09 -2.05e-10  1.00e-01  1.49e+03 
  5750| 1.49e-08  2.63e-08  1.16e-09 -2.07e-10  1.00e-01  1.55e+03 
  6000| 1.47e-08  2.56e-08  1.13e-09 -2.10e-10  1.00e-01  1.61e+03 
------------------------------------------------------------------
status:  solved (inaccurate - reached max_iters)
timings: total: 1.61e+03s = setup: 1.49e+02s + solve: 1.47e+03s
	 lin-sys: 7.09e+02s, cones: 7.41e+02s, accel: 2.27e+00s
------------------------------------------------------------------
objective = -0.000000 (inaccurate)
------------------------------------------------------------------
### face chunk 4: t=-3.523630e-10 pobj=3.524e-10 status=solved (inaccurate - reached max_iters) | clip-metrics: eq=4.253e-12 minrest=-1.503e-08 ker=2.544e-12 (4430s)
------------------------------------------------------------------
 iter | pri res | dua res |   gap   |   obj   |  scale  | time (s)
------------------------------------------------------------------
     0| 1.46e-08  2.74e-08  1.39e-09 -2.75e-10  1.00e-01  1.50e+02 
   250| 1.44e-08  2.48e-08  1.09e-09 -2.14e-10  1.00e-01  2.11e+02 
   500| 1.42e-08  2.41e-08  1.07e-09 -2.16e-10  1.00e-01  2.72e+02 
   750| 1.39e-08  2.35e-08  1.04e-09 -2.16e-10  1.00e-01  3.33e+02 
  1000| 1.37e-08  2.28e-08  1.02e-09 -2.15e-10  1.00e-01  3.94e+02 
  1250| 1.35e-08  2.22e-08  9.97e-10 -2.14e-10  1.00e-01  4.54e+02 
  1500| 3.40e-05  3.40e-06  1.83e-07 -1.76e-08  1.00e-01  5.15e+02 
  1750| 1.30e-08  2.09e-08  9.61e-10 -2.09e-10  1.00e-01  5.76e+02 
  2000| 1.28e-08  2.04e-08  9.46e-10 -2.05e-10  1.00e-01  6.37e+02 
  2250| 1.25e-08  1.99e-08  9.31e-10 -2.01e-10  1.00e-01  6.97e+02 
  2500| 1.23e-08  1.93e-08  9.15e-10 -1.97e-10  1.00e-01  7.58e+02 
  2750| 1.21e-08  1.88e-08  9.00e-10 -1.93e-10  1.00e-01  8.19e+02 
  3000| 1.19e-08  1.83e-08  8.85e-10 -1.90e-10  1.00e-01  8.80e+02 
  3250| 1.17e-08  1.79e-08  8.69e-10 -1.87e-10  1.00e-01  9.41e+02 
  3500| 1.15e-08  1.74e-08  8.53e-10 -1.85e-10  1.00e-01  1.00e+03 
  3750| 1.13e-08  1.70e-08  8.36e-10 -1.83e-10  1.00e-01  1.06e+03 
  4000| 1.11e-08  1.65e-08  8.20e-10 -1.82e-10  1.00e-01  1.12e+03 
  4250| 3.00e-05  3.00e-06  3.76e-09 -1.12e-08  1.00e-01  1.18e+03 
  4500| 1.07e-08  1.57e-08  7.85e-10 -1.80e-10  1.00e-01  1.24e+03 
  4750| 1.06e-08  1.53e-08  7.68e-10 -1.79e-10  1.00e-01  1.31e+03 
  5000| 1.04e-08  1.49e-08  7.51e-10 -1.79e-10  1.00e-01  1.37e+03 
  5250| 1.02e-08  1.45e-08  7.35e-10 -1.78e-10  1.00e-01  1.43e+03 
  5500| 1.00e-08  1.41e-08  7.19e-10 -1.78e-10  1.00e-01  1.49e+03 
  5750| 9.87e-09  1.38e-08  7.03e-10 -1.77e-10  1.00e-01  1.55e+03 
  6000| 9.70e-09  1.34e-08  6.88e-10 -1.77e-10  1.00e-01  1.61e+03 
------------------------------------------------------------------
status:  solved (inaccurate - reached max_iters)
timings: total: 1.61e+03s = setup: 1.49e+02s + solve: 1.46e+03s
	 lin-sys: 7.09e+02s, cones: 7.36e+02s, accel: 2.25e+00s
------------------------------------------------------------------
objective = -0.000000 (inaccurate)
------------------------------------------------------------------
### face chunk 5: t=-1.673972e-10 pobj=1.674e-10 status=solved (inaccurate - reached max_iters) | clip-metrics: eq=3.200e-12 minrest=-9.883e-09 ker=7.283e-12 (5890s)
------------------------------------------------------------------
 iter | pri res | dua res |   gap   |   obj   |  scale  | time (s)
------------------------------------------------------------------
     0| 9.66e-09  1.45e-08  8.39e-10 -2.14e-10  1.00e-01  1.50e+02 
   250| 9.54e-09  1.31e-08  6.73e-10 -1.76e-10  1.00e-01  2.12e+02 
   500| 9.38e-09  1.28e-08  6.59e-10 -1.76e-10  1.00e-01  2.73e+02 
   750| 9.22e-09  1.24e-08  6.46e-10 -1.74e-10  1.00e-01  3.34e+02 
  1000| 9.07e-09  1.21e-08  6.32e-10 -1.73e-10  1.00e-01  3.95e+02 
  1250| 8.91e-09  1.18e-08  6.19e-10 -1.72e-10  1.00e-01  4.56e+02 
  1500| 8.76e-09  1.15e-08  6.08e-10 -1.70e-10  1.00e-01  5.17e+02 
  1750| 8.62e-09  1.13e-08  5.95e-10 -1.69e-10  1.00e-01  5.78e+02 
  2000| 2.64e-05  2.64e-06  3.00e-08  7.59e-09  1.00e-01  6.39e+02 
  2250| 8.33e-09  1.07e-08  5.73e-10 -1.66e-10  1.00e-01  7.00e+02 
  2500| 8.19e-09  1.05e-08  5.61e-10 -1.64e-10  1.00e-01  7.61e+02 
  2750| 8.05e-09  1.02e-08  5.51e-10 -1.63e-10  1.00e-01  8.22e+02 
  3000| 7.92e-09  9.98e-09  5.40e-10 -1.61e-10  1.00e-01  8.83e+02 
  3250| 7.79e-09  9.75e-09  5.29e-10 -1.60e-10  1.00e-01  9.44e+02 
  3500| 7.66e-09  9.53e-09  5.19e-10 -1.58e-10  1.00e-01  1.01e+03 
  3750| 7.53e-09  9.30e-09  5.09e-10 -1.57e-10  1.00e-01  1.07e+03 
  4000| 7.41e-09  9.09e-09  4.99e-10 -1.56e-10  1.00e-01  1.13e+03 
  4250| 7.29e-09  8.88e-09  4.89e-10 -1.54e-10  1.00e-01  1.19e+03 
  4500| 7.17e-09  8.68e-09  4.79e-10 -1.53e-10  1.00e-01  1.25e+03 
  4750| 2.46e-05  2.46e-06  1.96e-08  4.02e-09  1.00e-01  1.31e+03 
  5000| 6.94e-09  8.30e-09  4.60e-10 -1.51e-10  1.00e-01  1.37e+03 
  5250| 6.82e-09  8.14e-09  4.51e-10 -1.50e-10  1.00e-01  1.43e+03 
  5500| 6.71e-09  8.00e-09  4.41e-10 -1.49e-10  1.00e-01  1.49e+03 
  5750| 6.60e-09  7.85e-09  4.32e-10 -1.48e-10  1.00e-01  1.55e+03 
  6000| 6.50e-09  7.71e-09  4.23e-10 -1.47e-10  1.00e-01  1.61e+03 
------------------------------------------------------------------
status:  solved (inaccurate - reached max_iters)
timings: total: 1.61e+03s = setup: 1.49e+02s + solve: 1.47e+03s
	 lin-sys: 7.09e+02s, cones: 7.41e+02s, accel: 2.26e+00s
------------------------------------------------------------------
objective = -0.000000 (inaccurate)
------------------------------------------------------------------
### face chunk 6: t=-6.455615e-11 pobj=6.456e-11 status=solved (inaccurate - reached max_iters) | clip-metrics: eq=2.472e-12 minrest=-6.572e-09 ker=1.332e-11 (7356s)
------------------------------------------------------------------
 iter | pri res | dua res |   gap   |   obj   |  scale  | time (s)
------------------------------------------------------------------
     0| 6.47e-09  8.33e-09  5.12e-10 -1.69e-10  1.00e-01  1.50e+02 
   250| 6.39e-09  7.57e-09  4.14e-10 -1.46e-10  1.00e-01  2.11e+02 
   500| 6.29e-09  7.44e-09  4.05e-10 -1.46e-10  1.00e-01  2.73e+02 
   750| 6.19e-09  7.31e-09  3.98e-10 -1.44e-10  1.00e-01  3.34e+02 
  1000| 6.09e-09  7.18e-09  3.89e-10 -1.44e-10  1.00e-01  3.95e+02 
  1250| 5.99e-09  7.05e-09  3.81e-10 -1.43e-10  1.00e-01  4.56e+02 
  1500| 5.90e-09  6.93e-09  3.73e-10 -1.42e-10  1.00e-01  5.17e+02 
  1750| 5.81e-09  6.81e-09  3.65e-10 -1.41e-10  1.00e-01  5.78e+02 
  2000| 5.71e-09  6.69e-09  3.57e-10 -1.40e-10  1.00e-01  6.39e+02 
  2250| 5.62e-09  6.58e-09  3.50e-10 -1.39e-10  1.00e-01  7.00e+02 
  2500| 2.25e-05  2.25e-06  6.21e-09 -4.01e-09  1.00e-01  7.61e+02 
  2750| 5.45e-09  6.35e-09  3.35e-10 -1.38e-10  1.00e-01  8.22e+02 
  3000| 5.36e-09  6.24e-09  3.29e-10 -1.37e-10  1.00e-01  8.83e+02 
  3250| 5.28e-09  6.14e-09  3.21e-10 -1.36e-10  1.00e-01  9.44e+02 
  3500| 5.20e-09  6.03e-09  3.15e-10 -1.35e-10  1.00e-01  1.00e+03 
  3750| 5.12e-09  5.93e-09  3.08e-10 -1.34e-10  1.00e-01  1.07e+03 
  4000| 5.04e-09  5.83e-09  3.02e-10 -1.33e-10  1.00e-01  1.13e+03 
  4250| 4.96e-09  5.73e-09  2.96e-10 -1.33e-10  1.00e-01  1.19e+03 
  4500| 4.88e-09  5.63e-09  2.90e-10 -1.32e-10  1.00e-01  1.25e+03 
  4750| 4.81e-09  5.54e-09  2.84e-10 -1.31e-10  1.00e-01  1.31e+03 
  5000| 4.73e-09  5.44e-09  2.78e-10 -1.30e-10  1.00e-01  1.37e+03 
  5250| 2.11e-05  2.11e-06  5.39e-09 -3.26e-09  1.00e-01  1.43e+03 
  5500| 4.59e-09  5.26e-09  2.67e-10 -1.28e-10  1.00e-01  1.49e+03 
  5750| 4.52e-09  5.17e-09  2.62e-10 -1.28e-10  1.00e-01  1.55e+03 
  6000| 4.45e-09  5.09e-09  2.56e-10 -1.27e-10  1.00e-01  1.61e+03 
------------------------------------------------------------------
status:  solved (inaccurate - reached max_iters)
timings: total: 1.61e+03s = setup: 1.49e+02s + solve: 1.47e+03s
	 lin-sys: 7.09e+02s, cones: 7.41e+02s, accel: 2.26e+00s
------------------------------------------------------------------
objective = -0.000000 (inaccurate)
------------------------------------------------------------------
### face chunk 7: t=-1.409489e-12 pobj=1.409e-12 status=solved (inaccurate - reached max_iters) | clip-metrics: eq=1.838e-12 minrest=-4.458e-09 ker=9.955e-12 (8821s)
------------------------------------------------------------------
 iter | pri res | dua res |   gap   |   obj   |  scale  | time (s)
------------------------------------------------------------------
     0| 4.44e-09  5.45e-09  3.08e-10 -1.39e-10  1.00e-01  1.50e+02 
   250| 2.01e-05  2.01e-06  6.64e-08 -5.30e-08  1.00e-01  2.11e+02 
   500| 4.32e-09  4.92e-09  2.46e-10 -1.25e-10  1.00e-01  2.72e+02 
   750| 4.30e-09  4.84e-09  2.41e-10 -1.24e-10  1.00e-01  3.33e+02 
  1000| 4.29e-09  4.76e-09  2.36e-10 -1.23e-10  1.00e-01  3.94e+02 
  1250| 4.28e-09  4.68e-09  2.32e-10 -1.22e-10  1.00e-01  4.55e+02 
  1500| 4.27e-09  4.60e-09  2.27e-10 -1.21e-10  1.00e-01  5.16e+02 
  1750| 4.26e-09  4.52e-09  2.22e-10 -1.21e-10  1.00e-01  5.77e+02 
  2000| 4.25e-09  4.46e-09  2.18e-10 -1.20e-10  1.00e-01  6.38e+02 
  2250| 4.24e-09  4.40e-09  2.14e-10 -1.19e-10  1.00e-01  6.99e+02 
  2500| 4.23e-09  4.34e-09  2.10e-10 -1.19e-10  1.00e-01  7.60e+02 
  2750| 4.22e-09  4.29e-09  2.06e-10 -1.18e-10  1.00e-01  8.20e+02 
  3000| 1.93e-05  1.93e-06  2.09e-09 -4.03e-09  1.00e-01  8.81e+02 
  3250| 4.19e-09  4.18e-09  1.98e-10 -1.17e-10  1.00e-01  9.42e+02 
  3500| 4.18e-09  4.13e-09  1.94e-10 -1.16e-10  1.00e-01  1.00e+03 
  3750| 4.17e-09  4.08e-09  1.90e-10 -1.15e-10  1.00e-01  1.06e+03 
  4000| 4.16e-09  4.03e-09  1.86e-10 -1.15e-10  1.00e-01  1.12e+03 
  4250| 4.15e-09  3.98e-09  1.83e-10 -1.14e-10  1.00e-01  1.19e+03 
  4500| 4.14e-09  3.93e-09  1.79e-10 -1.13e-10  1.00e-01  1.25e+03 
  4750| 4.12e-09  3.88e-09  1.76e-10 -1.13e-10  1.00e-01  1.31e+03 
  5000| 4.11e-09  3.83e-09  1.72e-10 -1.12e-10  1.00e-01  1.37e+03 
  5250| 4.10e-09  3.79e-09  1.69e-10 -1.11e-10  1.00e-01  1.43e+03 
  5500| 4.09e-09  3.74e-09  1.66e-10 -1.11e-10  1.00e-01  1.49e+03 
  5750| 1.80e-05  1.80e-06  5.85e-09 -1.65e-09  1.00e-01  1.56e+03 
  6000| 4.07e-09  3.65e-09  1.59e-10 -1.09e-10  1.00e-01  1.62e+03 
------------------------------------------------------------------
status:  solved (inaccurate - reached max_iters)
timings: total: 1.62e+03s = setup: 1.49e+02s + solve: 1.47e+03s
	 lin-sys: 7.12e+02s, cones: 7.42e+02s, accel: 2.28e+00s
------------------------------------------------------------------
objective = -0.000000 (inaccurate)
------------------------------------------------------------------
### face chunk 8: t=2.978331e-11 pobj=-2.978e-11 status=solved (inaccurate - reached max_iters) | clip-metrics: eq=1.645e-12 minrest=-4.046e-09 ker=5.793e-12 (10290s)
------------------------------------------------------------------
 iter | pri res | dua res |   gap   |   obj   |  scale  | time (s)
------------------------------------------------------------------
     0| 4.06e-09  3.86e-09  1.91e-10 -1.17e-10  1.00e-01  1.50e+02 
   250| 4.05e-09  3.60e-09  1.56e-10 -1.09e-10  1.00e-01  2.12e+02 
   500| 4.04e-09  3.56e-09  1.53e-10 -1.08e-10  1.00e-01  2.73e+02 
   750| 1.74e-05  1.74e-06  1.05e-08  1.46e-10  1.00e-01  3.34e+02 
  1000| 4.02e-09  3.47e-09  1.47e-10 -1.07e-10  1.00e-01  3.96e+02 
  1250| 4.01e-09  3.43e-09  1.45e-10 -1.06e-10  1.00e-01  4.57e+02 
  1500| 4.00e-09  3.39e-09  1.42e-10 -1.06e-10  1.00e-01  5.18e+02 
  1750| 3.98e-09  3.35e-09  1.39e-10 -1.05e-10  1.00e-01  5.79e+02 
  2000| 3.97e-09  3.31e-09  1.36e-10 -1.04e-10  1.00e-01  6.39e+02 
  2250| 3.96e-09  3.27e-09  1.34e-10 -1.04e-10  1.00e-01  7.00e+02 
  2500| 3.95e-09  3.23e-09  1.31e-10 -1.03e-10  1.00e-01  7.61e+02 
  2750| 3.94e-09  3.19e-09  1.29e-10 -1.03e-10  1.00e-01  8.22e+02 
  3000| 3.93e-09  3.15e-09  1.26e-10 -1.02e-10  1.00e-01  8.83e+02 
  3250| 3.92e-09  3.11e-09  1.24e-10 -1.01e-10  1.00e-01  9.44e+02 
  3500| 1.65e-05  1.65e-06  8.50e-10 -6.05e-09  1.00e-01  1.00e+03 
  3750| 3.90e-09  3.04e-09  1.19e-10 -1.00e-10  1.00e-01  1.07e+03 
  4000| 3.88e-09  3.00e-09  1.16e-10 -9.97e-11  1.00e-01  1.13e+03 
  4250| 3.87e-09  2.97e-09  1.14e-10 -9.90e-11  1.00e-01  1.19e+03 
  4500| 3.86e-09  2.93e-09  1.12e-10 -9.85e-11  1.00e-01  1.25e+03 
  4750| 3.85e-09  2.90e-09  1.10e-10 -9.79e-11  1.00e-01  1.31e+03 
  5000| 3.84e-09  2.86e-09  1.08e-10 -9.73e-11  1.00e-01  1.37e+03 
  5250| 3.83e-09  2.83e-09  1.06e-10 -9.67e-11  1.00e-01  1.43e+03 
  5500| 3.82e-09  2.80e-09  1.04e-10 -9.61e-11  1.00e-01  1.49e+03 
  5750| 3.81e-09  2.77e-09  1.01e-10 -9.56e-11  1.00e-01  1.55e+03 
  6000| 3.80e-09  2.74e-09  9.39e-11 -1.03e-10  1.00e-01  1.61e+03 
------------------------------------------------------------------
status:  solved (inaccurate - reached max_iters)
timings: total: 1.61e+03s = setup: 1.49e+02s + solve: 1.46e+03s
	 lin-sys: 7.13e+02s, cones: 7.33e+02s, accel: 2.27e+00s
------------------------------------------------------------------
objective = -0.000000 (inaccurate)
------------------------------------------------------------------
### face chunk 9: t=5.606484e-11 pobj=-5.606e-11 status=solved (inaccurate - reached max_iters) | clip-metrics: eq=1.497e-12 minrest=-3.757e-09 ker=3.287e-12 (11753s)
------------------------------------------------------------------
 iter | pri res | dua res |   gap   |   obj   |  scale  | time (s)
------------------------------------------------------------------
     0| 3.80e-09  2.86e-09  1.11e-10 -1.07e-10  1.00e-01  1.50e+02 
   250| 3.78e-09  2.76e-09  1.10e-10 -1.03e-10  1.00e-01  2.11e+02 
   500| 3.78e-09  2.71e-09  1.09e-10 -1.05e-10  1.00e-01  2.72e+02 
   750| 3.76e-09  2.68e-09  1.07e-10 -1.05e-10  1.00e-01  3.33e+02 
  1000| 3.76e-09  2.64e-09  1.04e-10 -1.05e-10  1.00e-01  3.94e+02 
  1250| 1.72e-05  1.72e-06  2.73e-09 -1.10e-08  1.00e-01  4.56e+02 
  1500| 3.73e-09  2.58e-09  9.99e-11 -1.03e-10  1.00e-01  5.17e+02 
  1750| 3.72e-09  2.56e-09  9.74e-11 -1.02e-10  1.00e-01  5.78e+02 
  2000| 3.71e-09  2.53e-09  9.67e-11 -1.01e-10  1.00e-01  6.39e+02 
  2250| 3.70e-09  2.50e-09  9.32e-11 -1.01e-10  1.00e-01  7.00e+02 
  2500| 3.69e-09  2.47e-09  9.21e-11 -9.95e-11  1.00e-01  7.61e+02 
  2750| 3.68e-09  2.44e-09  9.02e-11 -9.89e-11  1.00e-01  8.22e+02 
  3000| 3.67e-09  2.41e-09  8.77e-11 -9.84e-11  1.00e-01  8.83e+02 
  3250| 3.65e-09  2.38e-09  8.68e-11 -9.71e-11  1.00e-01  9.44e+02 
  3500| 3.64e-09  2.36e-09  8.45e-11 -9.67e-11  1.00e-01  1.00e+03 
  3750| 3.63e-09  2.33e-09  8.27e-11 -9.59e-11  1.00e-01  1.07e+03 
  4000| 1.41e-05  1.41e-06  5.95e-09 -9.10e-09  1.00e-01  1.13e+03 
  4250| 3.61e-09  2.28e-09  7.91e-11 -9.47e-11  1.00e-01  1.19e+03 
  4500| 3.59e-09  2.25e-09  7.78e-11 -9.39e-11  1.00e-01  1.25e+03 
  4750| 3.58e-09  2.23e-09  7.64e-11 -9.34e-11  1.00e-01  1.31e+03 
  5000| 3.57e-09  2.20e-09  7.47e-11 -9.29e-11  1.00e-01  1.37e+03 
  5250| 3.55e-09  2.18e-09  7.33e-11 -9.22e-11  1.00e-01  1.43e+03 
  5500| 3.54e-09  2.15e-09  7.17e-11 -9.18e-11  1.00e-01  1.49e+03 
  5750| 3.53e-09  2.13e-09  7.02e-11 -9.12e-11  1.00e-01  1.55e+03 
  6000| 3.52e-09  2.11e-09  6.89e-11 -9.06e-11  1.00e-01  1.62e+03 
------------------------------------------------------------------
status:  solved (inaccurate - reached max_iters)
timings: total: 1.62e+03s = setup: 1.49e+02s + solve: 1.47e+03s
	 lin-sys: 7.12e+02s, cones: 7.39e+02s, accel: 2.27e+00s
------------------------------------------------------------------
objective = -0.000000 (inaccurate)
------------------------------------------------------------------
### face chunk 10: t=5.615870e-11 pobj=-5.616e-11 status=solved (inaccurate - reached max_iters) | clip-metrics: eq=1.409e-12 minrest=-3.468e-09 ker=1.726e-12 (13220s)
------------------------------------------------------------------
 iter | pri res | dua res |   gap   |   obj   |  scale  | time (s)
------------------------------------------------------------------
     0| 3.51e-09  2.20e-09  8.18e-11 -9.38e-11  1.00e-01  1.50e+02 
   250| 3.50e-09  2.08e-09  6.74e-11 -9.02e-11  1.00e-01  2.11e+02 
   500| 3.49e-09  2.06e-09  6.60e-11 -8.96e-11  1.00e-01  2.72e+02 
   750| 3.47e-09  2.04e-09  6.47e-11 -8.91e-11  1.00e-01  3.33e+02 
  1000| 3.46e-09  2.02e-09  6.33e-11 -8.86e-11  1.00e-01  3.94e+02 
  1250| 3.44e-09  1.99e-09  6.19e-11 -8.80e-11  1.00e-01  4.55e+02 
  1500| 3.43e-09  1.97e-09  6.06e-11 -8.76e-11  1.00e-01  5.16e+02 
  1750| 1.33e-05  1.33e-06  2.59e-09 -6.33e-10  1.00e-01  5.77e+02 
  2000| 3.40e-09  1.93e-09  5.81e-11 -8.66e-11  1.00e-01  6.38e+02 
  2250| 3.38e-09  1.91e-09  5.68e-11 -8.61e-11  1.00e-01  6.99e+02 
  2500| 3.37e-09  1.89e-09  5.56e-11 -8.57e-11  1.00e-01  7.60e+02 
  2750| 3.35e-09  1.87e-09  5.45e-11 -8.51e-11  1.00e-01  8.20e+02 
  3000| 3.34e-09  1.85e-09  5.35e-11 -8.46e-11  1.00e-01  8.81e+02 
  3250| 3.32e-09  1.83e-09  5.23e-11 -8.42e-11  1.00e-01  9.42e+02 
  3500| 3.30e-09  1.81e-09  5.12e-11 -8.38e-11  1.00e-01  1.00e+03 
  3750| 3.29e-09  1.79e-09  5.00e-11 -8.33e-11  1.00e-01  1.06e+03 
  4000| 3.27e-09  1.77e-09  4.89e-11 -8.29e-11  1.00e-01  1.12e+03 
  4250| 3.25e-09  1.75e-09  4.78e-11 -8.25e-11  1.00e-01  1.19e+03 
  4500| 1.27e-05  1.27e-06  3.02e-09 -1.93e-10  1.00e-01  1.25e+03 
  4750| 3.22e-09  1.72e-09  4.57e-11 -8.16e-11  1.00e-01  1.31e+03 
  5000| 3.20e-09  1.70e-09  4.47e-11 -8.12e-11  1.00e-01  1.37e+03 
  5250| 3.18e-09  1.68e-09  4.35e-11 -8.08e-11  1.00e-01  1.43e+03 
  5500| 3.17e-09  1.66e-09  4.26e-11 -8.04e-11  1.00e-01  1.49e+03 
  5750| 3.16e-09  1.65e-09  4.15e-11 -8.00e-11  1.00e-01  1.55e+03 
  6000| 3.15e-09  1.66e-09  4.11e-11 -8.15e-11  1.00e-01  1.61e+03 
------------------------------------------------------------------
status:  solved (inaccurate - reached max_iters)
timings: total: 1.61e+03s = setup: 1.49e+02s + solve: 1.46e+03s
	 lin-sys: 7.12e+02s, cones: 7.36e+02s, accel: 2.27e+00s
------------------------------------------------------------------
objective = -0.000000 (inaccurate)
------------------------------------------------------------------
### face chunk 11: t=6.090205e-11 pobj=-6.090e-11 status=solved (inaccurate - reached max_iters) | clip-metrics: eq=1.252e-12 minrest=-3.094e-09 ker=8.195e-13 (14684s)
